image_width: 1920
image_height: 1200
camera_name: narrow_stereo/left
camera_matrix:
  rows: 3
  cols: 3
  data: [ 1168.15215, 0.0, 971.92827, 0.0, 1171.06889, 582.160880, 0.0, 0.0, 1.0]
distortion_model: plumb_bob
distortion_coefficients:
  rows: 1
  cols: 5
  data: [-0.22692438138446802, 0.07414373891566585, -0.0005172660035024094, 0.00025801574676958687, 0.0]
rectification_matrix:
  rows: 3
  cols: 3
  data: [ 0.9999709891819796, -0.006502745501797872, -0.003966748713011786, 0.006462207230748911, 0.9999276249794322, -0.010148136809230381, 0.004032452370479922, 0.010122208451264367, 0.9999406383500717 ]
projection_matrix:
  rows: 3
  cols: 4
  data: [ 1168.15215, 0.0, 971.92827, 0.0, 0.0, 1171.06889, 582.160880, 0.0, 0.0, 0.0, 1.0, 0.0 ]

# P: [1148.1214330236633, 0.0, 966.0043640136719, 0.0, 0.0, 1148.1214330236633, 572.3190689086914, 0.0, 0.0, 0.0, 1.0, 0.0 ]
# K: [1180.6640317699625, 0.0, 959.2078281322626, 0.0, 1184.4771988134264, 579.6787211790604, 0.0, 0.0, 1.0]