image_width: 1920
image_height: 1200
camera_name: narrow_stereo/right
camera_matrix:
  rows: 3
  cols: 3
  data: [ 1171.86560, 0.0, 955.7738, 0.0, 1174.69389, 583.43461, 0.0, 0.0, 1.0 ]
distortion_model: plumb_bob
distortion_coefficients:
  rows: 1
  cols: 5
  data: [-0.2257101256448458, 0.07265308483146982, 0.0003285158086240469, 0.00018964737418107665, 0.0]
rectification_matrix:
  rows: 3
  cols: 3
  data: [ 0.9999621463826717, -0.0010222683311791462, -0.00864064634268912, 0.0011097917297361235, 0.9999480688384014, 0.010130547303502898, 0.008629841486201672, -0.010139753143492641, 0.9999113516917947 ]
projection_matrix:
  rows: 3
  cols: 4
  data: [ 1171.86560, 0.0, 955.7738, -180.0, 0.0, 1174.69389, 583.43461, 0.0, 0.0, 0.0, 1.0, 0.0 ]

# P: [ 1148.1214330236633, 0.0, 966.0043640136719, -207.34383635847252, 0.0, 1148.1214330236633, 572.3190689086914, 0.0, 0.0, 0.0, 1.0, 0.0 ]
# K: [ 1186.7705944085135, 0.0, 945.6920318213804, 0.0, 1190.1189443709075, 576.2425576892031, 0.0, 0.0, 1.0 ]
